{
 "cells": [
  {
   "cell_type": "code",
   "execution_count": 6,
   "metadata": {},
   "outputs": [],
   "source": [
    "import numpy as np\n",
    "import pandas as pd \n",
    "import matplotlib.pyplot as plt \n",
    "import seaborn as sns\n",
    "from sklearn.preprocessing import StandardScaler\n",
    "from sklearn.feature_selection import SelectKBest,  r_regression"
   ]
  },
  {
   "cell_type": "code",
   "execution_count": 8,
   "metadata": {},
   "outputs": [],
   "source": [
    "from ucimlrepo import fetch_ucirepo \n",
    "  \n",
    "# fetch dataset \n",
    "parkinsons_telemonitoring = fetch_ucirepo(id=189) \n",
    "  \n",
    "# data (as pandas dataframes) \n",
    "X = parkinsons_telemonitoring.data.features \n",
    "y = parkinsons_telemonitoring.data.targets \n",
    "  \n",
    "# # metadata \n",
    "# print(parkinsons_telemonitoring.metadata) \n",
    "  \n",
    "# # variable information \n",
    "# print(parkinsons_telemonitoring.variables) \n"
   ]
  },
  {
   "cell_type": "code",
   "execution_count": 3,
   "metadata": {},
   "outputs": [
    {
     "data": {
      "text/html": [
       "<div>\n",
       "<style scoped>\n",
       "    .dataframe tbody tr th:only-of-type {\n",
       "        vertical-align: middle;\n",
       "    }\n",
       "\n",
       "    .dataframe tbody tr th {\n",
       "        vertical-align: top;\n",
       "    }\n",
       "\n",
       "    .dataframe thead th {\n",
       "        text-align: right;\n",
       "    }\n",
       "</style>\n",
       "<table border=\"1\" class=\"dataframe\">\n",
       "  <thead>\n",
       "    <tr style=\"text-align: right;\">\n",
       "      <th></th>\n",
       "      <th>age</th>\n",
       "      <th>test_time</th>\n",
       "      <th>Jitter(%)</th>\n",
       "      <th>Jitter(Abs)</th>\n",
       "      <th>Jitter:RAP</th>\n",
       "      <th>Jitter:PPQ5</th>\n",
       "      <th>Jitter:DDP</th>\n",
       "      <th>Shimmer</th>\n",
       "      <th>Shimmer(dB)</th>\n",
       "      <th>Shimmer:APQ3</th>\n",
       "      <th>Shimmer:APQ5</th>\n",
       "      <th>Shimmer:APQ11</th>\n",
       "      <th>Shimmer:DDA</th>\n",
       "      <th>NHR</th>\n",
       "      <th>HNR</th>\n",
       "      <th>RPDE</th>\n",
       "      <th>DFA</th>\n",
       "      <th>PPE</th>\n",
       "      <th>sex</th>\n",
       "    </tr>\n",
       "  </thead>\n",
       "  <tbody>\n",
       "    <tr>\n",
       "      <th>2686</th>\n",
       "      <td>67</td>\n",
       "      <td>130.8300</td>\n",
       "      <td>0.00404</td>\n",
       "      <td>0.000028</td>\n",
       "      <td>0.00195</td>\n",
       "      <td>0.00223</td>\n",
       "      <td>0.00586</td>\n",
       "      <td>0.02303</td>\n",
       "      <td>0.200</td>\n",
       "      <td>0.01141</td>\n",
       "      <td>0.01507</td>\n",
       "      <td>0.02053</td>\n",
       "      <td>0.03423</td>\n",
       "      <td>0.010941</td>\n",
       "      <td>22.539</td>\n",
       "      <td>0.36279</td>\n",
       "      <td>0.77989</td>\n",
       "      <td>0.169950</td>\n",
       "      <td>0</td>\n",
       "    </tr>\n",
       "    <tr>\n",
       "      <th>2087</th>\n",
       "      <td>65</td>\n",
       "      <td>33.5090</td>\n",
       "      <td>0.00216</td>\n",
       "      <td>0.000010</td>\n",
       "      <td>0.00092</td>\n",
       "      <td>0.00080</td>\n",
       "      <td>0.00275</td>\n",
       "      <td>0.01448</td>\n",
       "      <td>0.123</td>\n",
       "      <td>0.00552</td>\n",
       "      <td>0.00679</td>\n",
       "      <td>0.00998</td>\n",
       "      <td>0.01655</td>\n",
       "      <td>0.003661</td>\n",
       "      <td>30.953</td>\n",
       "      <td>0.44141</td>\n",
       "      <td>0.56316</td>\n",
       "      <td>0.096727</td>\n",
       "      <td>0</td>\n",
       "    </tr>\n",
       "    <tr>\n",
       "      <th>3336</th>\n",
       "      <td>76</td>\n",
       "      <td>6.4035</td>\n",
       "      <td>0.00603</td>\n",
       "      <td>0.000068</td>\n",
       "      <td>0.00266</td>\n",
       "      <td>0.00291</td>\n",
       "      <td>0.00799</td>\n",
       "      <td>0.02550</td>\n",
       "      <td>0.235</td>\n",
       "      <td>0.01184</td>\n",
       "      <td>0.01448</td>\n",
       "      <td>0.02233</td>\n",
       "      <td>0.03552</td>\n",
       "      <td>0.037870</td>\n",
       "      <td>19.072</td>\n",
       "      <td>0.65006</td>\n",
       "      <td>0.59409</td>\n",
       "      <td>0.259940</td>\n",
       "      <td>0</td>\n",
       "    </tr>\n",
       "    <tr>\n",
       "      <th>5204</th>\n",
       "      <td>67</td>\n",
       "      <td>28.7620</td>\n",
       "      <td>0.00378</td>\n",
       "      <td>0.000021</td>\n",
       "      <td>0.00184</td>\n",
       "      <td>0.00222</td>\n",
       "      <td>0.00552</td>\n",
       "      <td>0.02589</td>\n",
       "      <td>0.222</td>\n",
       "      <td>0.01191</td>\n",
       "      <td>0.01502</td>\n",
       "      <td>0.02373</td>\n",
       "      <td>0.03573</td>\n",
       "      <td>0.008734</td>\n",
       "      <td>22.986</td>\n",
       "      <td>0.50627</td>\n",
       "      <td>0.62651</td>\n",
       "      <td>0.210530</td>\n",
       "      <td>0</td>\n",
       "    </tr>\n",
       "    <tr>\n",
       "      <th>4780</th>\n",
       "      <td>71</td>\n",
       "      <td>48.8880</td>\n",
       "      <td>0.00473</td>\n",
       "      <td>0.000035</td>\n",
       "      <td>0.00226</td>\n",
       "      <td>0.00290</td>\n",
       "      <td>0.00679</td>\n",
       "      <td>0.02254</td>\n",
       "      <td>0.201</td>\n",
       "      <td>0.01169</td>\n",
       "      <td>0.01473</td>\n",
       "      <td>0.01925</td>\n",
       "      <td>0.03508</td>\n",
       "      <td>0.009953</td>\n",
       "      <td>20.955</td>\n",
       "      <td>0.41429</td>\n",
       "      <td>0.75032</td>\n",
       "      <td>0.235060</td>\n",
       "      <td>0</td>\n",
       "    </tr>\n",
       "    <tr>\n",
       "      <th>317</th>\n",
       "      <td>57</td>\n",
       "      <td>168.2700</td>\n",
       "      <td>0.00199</td>\n",
       "      <td>0.000013</td>\n",
       "      <td>0.00087</td>\n",
       "      <td>0.00115</td>\n",
       "      <td>0.00261</td>\n",
       "      <td>0.01120</td>\n",
       "      <td>0.109</td>\n",
       "      <td>0.00573</td>\n",
       "      <td>0.00707</td>\n",
       "      <td>0.00952</td>\n",
       "      <td>0.01720</td>\n",
       "      <td>0.004082</td>\n",
       "      <td>29.682</td>\n",
       "      <td>0.40309</td>\n",
       "      <td>0.55386</td>\n",
       "      <td>0.101450</td>\n",
       "      <td>0</td>\n",
       "    </tr>\n",
       "    <tr>\n",
       "      <th>651</th>\n",
       "      <td>75</td>\n",
       "      <td>58.5610</td>\n",
       "      <td>0.00450</td>\n",
       "      <td>0.000045</td>\n",
       "      <td>0.00151</td>\n",
       "      <td>0.00277</td>\n",
       "      <td>0.00453</td>\n",
       "      <td>0.06258</td>\n",
       "      <td>0.551</td>\n",
       "      <td>0.03030</td>\n",
       "      <td>0.03889</td>\n",
       "      <td>0.06282</td>\n",
       "      <td>0.09089</td>\n",
       "      <td>0.024861</td>\n",
       "      <td>18.138</td>\n",
       "      <td>0.57407</td>\n",
       "      <td>0.67395</td>\n",
       "      <td>0.274770</td>\n",
       "      <td>0</td>\n",
       "    </tr>\n",
       "    <tr>\n",
       "      <th>5174</th>\n",
       "      <td>67</td>\n",
       "      <td>174.7300</td>\n",
       "      <td>0.00533</td>\n",
       "      <td>0.000028</td>\n",
       "      <td>0.00260</td>\n",
       "      <td>0.00286</td>\n",
       "      <td>0.00781</td>\n",
       "      <td>0.03828</td>\n",
       "      <td>0.333</td>\n",
       "      <td>0.02061</td>\n",
       "      <td>0.02215</td>\n",
       "      <td>0.02701</td>\n",
       "      <td>0.06183</td>\n",
       "      <td>0.021458</td>\n",
       "      <td>19.812</td>\n",
       "      <td>0.59874</td>\n",
       "      <td>0.65584</td>\n",
       "      <td>0.201450</td>\n",
       "      <td>0</td>\n",
       "    </tr>\n",
       "    <tr>\n",
       "      <th>2637</th>\n",
       "      <td>55</td>\n",
       "      <td>81.7330</td>\n",
       "      <td>0.00976</td>\n",
       "      <td>0.000079</td>\n",
       "      <td>0.00461</td>\n",
       "      <td>0.00459</td>\n",
       "      <td>0.01383</td>\n",
       "      <td>0.03390</td>\n",
       "      <td>0.307</td>\n",
       "      <td>0.01732</td>\n",
       "      <td>0.01955</td>\n",
       "      <td>0.02087</td>\n",
       "      <td>0.05195</td>\n",
       "      <td>0.045426</td>\n",
       "      <td>20.013</td>\n",
       "      <td>0.56215</td>\n",
       "      <td>0.67937</td>\n",
       "      <td>0.312350</td>\n",
       "      <td>0</td>\n",
       "    </tr>\n",
       "    <tr>\n",
       "      <th>4560</th>\n",
       "      <td>59</td>\n",
       "      <td>17.5770</td>\n",
       "      <td>0.00474</td>\n",
       "      <td>0.000048</td>\n",
       "      <td>0.00226</td>\n",
       "      <td>0.00202</td>\n",
       "      <td>0.00679</td>\n",
       "      <td>0.01343</td>\n",
       "      <td>0.114</td>\n",
       "      <td>0.00533</td>\n",
       "      <td>0.00665</td>\n",
       "      <td>0.01321</td>\n",
       "      <td>0.01598</td>\n",
       "      <td>0.013352</td>\n",
       "      <td>22.340</td>\n",
       "      <td>0.68939</td>\n",
       "      <td>0.76058</td>\n",
       "      <td>0.191740</td>\n",
       "      <td>0</td>\n",
       "    </tr>\n",
       "  </tbody>\n",
       "</table>\n",
       "</div>"
      ],
      "text/plain": [
       "      age  test_time  Jitter(%)  Jitter(Abs)  Jitter:RAP  Jitter:PPQ5  \\\n",
       "2686   67   130.8300    0.00404     0.000028     0.00195      0.00223   \n",
       "2087   65    33.5090    0.00216     0.000010     0.00092      0.00080   \n",
       "3336   76     6.4035    0.00603     0.000068     0.00266      0.00291   \n",
       "5204   67    28.7620    0.00378     0.000021     0.00184      0.00222   \n",
       "4780   71    48.8880    0.00473     0.000035     0.00226      0.00290   \n",
       "317    57   168.2700    0.00199     0.000013     0.00087      0.00115   \n",
       "651    75    58.5610    0.00450     0.000045     0.00151      0.00277   \n",
       "5174   67   174.7300    0.00533     0.000028     0.00260      0.00286   \n",
       "2637   55    81.7330    0.00976     0.000079     0.00461      0.00459   \n",
       "4560   59    17.5770    0.00474     0.000048     0.00226      0.00202   \n",
       "\n",
       "      Jitter:DDP  Shimmer  Shimmer(dB)  Shimmer:APQ3  Shimmer:APQ5  \\\n",
       "2686     0.00586  0.02303        0.200       0.01141       0.01507   \n",
       "2087     0.00275  0.01448        0.123       0.00552       0.00679   \n",
       "3336     0.00799  0.02550        0.235       0.01184       0.01448   \n",
       "5204     0.00552  0.02589        0.222       0.01191       0.01502   \n",
       "4780     0.00679  0.02254        0.201       0.01169       0.01473   \n",
       "317      0.00261  0.01120        0.109       0.00573       0.00707   \n",
       "651      0.00453  0.06258        0.551       0.03030       0.03889   \n",
       "5174     0.00781  0.03828        0.333       0.02061       0.02215   \n",
       "2637     0.01383  0.03390        0.307       0.01732       0.01955   \n",
       "4560     0.00679  0.01343        0.114       0.00533       0.00665   \n",
       "\n",
       "      Shimmer:APQ11  Shimmer:DDA       NHR     HNR     RPDE      DFA  \\\n",
       "2686        0.02053      0.03423  0.010941  22.539  0.36279  0.77989   \n",
       "2087        0.00998      0.01655  0.003661  30.953  0.44141  0.56316   \n",
       "3336        0.02233      0.03552  0.037870  19.072  0.65006  0.59409   \n",
       "5204        0.02373      0.03573  0.008734  22.986  0.50627  0.62651   \n",
       "4780        0.01925      0.03508  0.009953  20.955  0.41429  0.75032   \n",
       "317         0.00952      0.01720  0.004082  29.682  0.40309  0.55386   \n",
       "651         0.06282      0.09089  0.024861  18.138  0.57407  0.67395   \n",
       "5174        0.02701      0.06183  0.021458  19.812  0.59874  0.65584   \n",
       "2637        0.02087      0.05195  0.045426  20.013  0.56215  0.67937   \n",
       "4560        0.01321      0.01598  0.013352  22.340  0.68939  0.76058   \n",
       "\n",
       "           PPE  sex  \n",
       "2686  0.169950    0  \n",
       "2087  0.096727    0  \n",
       "3336  0.259940    0  \n",
       "5204  0.210530    0  \n",
       "4780  0.235060    0  \n",
       "317   0.101450    0  \n",
       "651   0.274770    0  \n",
       "5174  0.201450    0  \n",
       "2637  0.312350    0  \n",
       "4560  0.191740    0  "
      ]
     },
     "execution_count": 3,
     "metadata": {},
     "output_type": "execute_result"
    }
   ],
   "source": [
    "X.sample(n = 10)"
   ]
  },
  {
   "cell_type": "code",
   "execution_count": 4,
   "metadata": {},
   "outputs": [
    {
     "data": {
      "text/html": [
       "<div>\n",
       "<style scoped>\n",
       "    .dataframe tbody tr th:only-of-type {\n",
       "        vertical-align: middle;\n",
       "    }\n",
       "\n",
       "    .dataframe tbody tr th {\n",
       "        vertical-align: top;\n",
       "    }\n",
       "\n",
       "    .dataframe thead th {\n",
       "        text-align: right;\n",
       "    }\n",
       "</style>\n",
       "<table border=\"1\" class=\"dataframe\">\n",
       "  <thead>\n",
       "    <tr style=\"text-align: right;\">\n",
       "      <th></th>\n",
       "      <th>motor_UPDRS</th>\n",
       "      <th>total_UPDRS</th>\n",
       "    </tr>\n",
       "  </thead>\n",
       "  <tbody>\n",
       "    <tr>\n",
       "      <th>0</th>\n",
       "      <td>28.199</td>\n",
       "      <td>34.398</td>\n",
       "    </tr>\n",
       "    <tr>\n",
       "      <th>1</th>\n",
       "      <td>28.447</td>\n",
       "      <td>34.894</td>\n",
       "    </tr>\n",
       "    <tr>\n",
       "      <th>2</th>\n",
       "      <td>28.695</td>\n",
       "      <td>35.389</td>\n",
       "    </tr>\n",
       "    <tr>\n",
       "      <th>3</th>\n",
       "      <td>28.905</td>\n",
       "      <td>35.810</td>\n",
       "    </tr>\n",
       "    <tr>\n",
       "      <th>4</th>\n",
       "      <td>29.187</td>\n",
       "      <td>36.375</td>\n",
       "    </tr>\n",
       "  </tbody>\n",
       "</table>\n",
       "</div>"
      ],
      "text/plain": [
       "   motor_UPDRS  total_UPDRS\n",
       "0       28.199       34.398\n",
       "1       28.447       34.894\n",
       "2       28.695       35.389\n",
       "3       28.905       35.810\n",
       "4       29.187       36.375"
      ]
     },
     "execution_count": 4,
     "metadata": {},
     "output_type": "execute_result"
    }
   ],
   "source": [
    "y.head()"
   ]
  },
  {
   "cell_type": "code",
   "execution_count": 5,
   "metadata": {},
   "outputs": [
    {
     "name": "stdout",
     "output_type": "stream",
     "text": [
      "<class 'pandas.core.frame.DataFrame'>\n",
      "RangeIndex: 5875 entries, 0 to 5874\n",
      "Data columns (total 19 columns):\n",
      " #   Column         Non-Null Count  Dtype  \n",
      "---  ------         --------------  -----  \n",
      " 0   age            5875 non-null   int64  \n",
      " 1   test_time      5875 non-null   float64\n",
      " 2   Jitter(%)      5875 non-null   float64\n",
      " 3   Jitter(Abs)    5875 non-null   float64\n",
      " 4   Jitter:RAP     5875 non-null   float64\n",
      " 5   Jitter:PPQ5    5875 non-null   float64\n",
      " 6   Jitter:DDP     5875 non-null   float64\n",
      " 7   Shimmer        5875 non-null   float64\n",
      " 8   Shimmer(dB)    5875 non-null   float64\n",
      " 9   Shimmer:APQ3   5875 non-null   float64\n",
      " 10  Shimmer:APQ5   5875 non-null   float64\n",
      " 11  Shimmer:APQ11  5875 non-null   float64\n",
      " 12  Shimmer:DDA    5875 non-null   float64\n",
      " 13  NHR            5875 non-null   float64\n",
      " 14  HNR            5875 non-null   float64\n",
      " 15  RPDE           5875 non-null   float64\n",
      " 16  DFA            5875 non-null   float64\n",
      " 17  PPE            5875 non-null   float64\n",
      " 18  sex            5875 non-null   int64  \n",
      "dtypes: float64(17), int64(2)\n",
      "memory usage: 872.2 KB\n"
     ]
    }
   ],
   "source": [
    "X.info()"
   ]
  },
  {
   "cell_type": "code",
   "execution_count": 5,
   "metadata": {},
   "outputs": [
    {
     "data": {
      "text/plain": [
       "0"
      ]
     },
     "execution_count": 5,
     "metadata": {},
     "output_type": "execute_result"
    }
   ],
   "source": [
    "#Checking for duplicates\n",
    "X.duplicated().sum()"
   ]
  },
  {
   "cell_type": "code",
   "execution_count": 4,
   "metadata": {},
   "outputs": [
    {
     "data": {
      "text/html": [
       "<div>\n",
       "<style scoped>\n",
       "    .dataframe tbody tr th:only-of-type {\n",
       "        vertical-align: middle;\n",
       "    }\n",
       "\n",
       "    .dataframe tbody tr th {\n",
       "        vertical-align: top;\n",
       "    }\n",
       "\n",
       "    .dataframe thead th {\n",
       "        text-align: right;\n",
       "    }\n",
       "</style>\n",
       "<table border=\"1\" class=\"dataframe\">\n",
       "  <thead>\n",
       "    <tr style=\"text-align: right;\">\n",
       "      <th></th>\n",
       "      <th>age</th>\n",
       "      <th>test_time</th>\n",
       "      <th>Jitter(%)</th>\n",
       "      <th>Jitter(Abs)</th>\n",
       "      <th>Jitter:RAP</th>\n",
       "      <th>Jitter:PPQ5</th>\n",
       "      <th>Jitter:DDP</th>\n",
       "      <th>Shimmer</th>\n",
       "      <th>Shimmer(dB)</th>\n",
       "      <th>Shimmer:APQ3</th>\n",
       "      <th>Shimmer:APQ5</th>\n",
       "      <th>Shimmer:APQ11</th>\n",
       "      <th>Shimmer:DDA</th>\n",
       "      <th>NHR</th>\n",
       "      <th>HNR</th>\n",
       "      <th>RPDE</th>\n",
       "      <th>DFA</th>\n",
       "      <th>PPE</th>\n",
       "      <th>sex</th>\n",
       "    </tr>\n",
       "  </thead>\n",
       "  <tbody>\n",
       "    <tr>\n",
       "      <th>age</th>\n",
       "      <td>1.000000</td>\n",
       "      <td>0.019884</td>\n",
       "      <td>0.023071</td>\n",
       "      <td>0.035685</td>\n",
       "      <td>0.010255</td>\n",
       "      <td>0.013199</td>\n",
       "      <td>0.010258</td>\n",
       "      <td>0.101554</td>\n",
       "      <td>0.111130</td>\n",
       "      <td>0.098912</td>\n",
       "      <td>0.089983</td>\n",
       "      <td>0.135238</td>\n",
       "      <td>0.098913</td>\n",
       "      <td>0.007093</td>\n",
       "      <td>-0.104842</td>\n",
       "      <td>0.090208</td>\n",
       "      <td>-0.092870</td>\n",
       "      <td>0.120790</td>\n",
       "      <td>-0.041602</td>\n",
       "    </tr>\n",
       "    <tr>\n",
       "      <th>test_time</th>\n",
       "      <td>0.019884</td>\n",
       "      <td>1.000000</td>\n",
       "      <td>-0.022837</td>\n",
       "      <td>-0.011349</td>\n",
       "      <td>-0.028888</td>\n",
       "      <td>-0.023290</td>\n",
       "      <td>-0.028876</td>\n",
       "      <td>-0.033870</td>\n",
       "      <td>-0.030962</td>\n",
       "      <td>-0.029020</td>\n",
       "      <td>-0.036504</td>\n",
       "      <td>-0.039110</td>\n",
       "      <td>-0.029017</td>\n",
       "      <td>-0.026357</td>\n",
       "      <td>0.036545</td>\n",
       "      <td>-0.038887</td>\n",
       "      <td>0.019261</td>\n",
       "      <td>-0.000563</td>\n",
       "      <td>-0.009805</td>\n",
       "    </tr>\n",
       "    <tr>\n",
       "      <th>Jitter(%)</th>\n",
       "      <td>0.023071</td>\n",
       "      <td>-0.022837</td>\n",
       "      <td>1.000000</td>\n",
       "      <td>0.865574</td>\n",
       "      <td>0.984181</td>\n",
       "      <td>0.968214</td>\n",
       "      <td>0.984184</td>\n",
       "      <td>0.709791</td>\n",
       "      <td>0.716704</td>\n",
       "      <td>0.664149</td>\n",
       "      <td>0.694002</td>\n",
       "      <td>0.645965</td>\n",
       "      <td>0.664147</td>\n",
       "      <td>0.825294</td>\n",
       "      <td>-0.675188</td>\n",
       "      <td>0.427128</td>\n",
       "      <td>0.226550</td>\n",
       "      <td>0.721849</td>\n",
       "      <td>0.051422</td>\n",
       "    </tr>\n",
       "    <tr>\n",
       "      <th>Jitter(Abs)</th>\n",
       "      <td>0.035685</td>\n",
       "      <td>-0.011349</td>\n",
       "      <td>0.865574</td>\n",
       "      <td>1.000000</td>\n",
       "      <td>0.844622</td>\n",
       "      <td>0.790534</td>\n",
       "      <td>0.844626</td>\n",
       "      <td>0.649041</td>\n",
       "      <td>0.655866</td>\n",
       "      <td>0.623825</td>\n",
       "      <td>0.621397</td>\n",
       "      <td>0.589992</td>\n",
       "      <td>0.623823</td>\n",
       "      <td>0.699954</td>\n",
       "      <td>-0.706420</td>\n",
       "      <td>0.547097</td>\n",
       "      <td>0.352264</td>\n",
       "      <td>0.787848</td>\n",
       "      <td>-0.154661</td>\n",
       "    </tr>\n",
       "    <tr>\n",
       "      <th>Jitter:RAP</th>\n",
       "      <td>0.010255</td>\n",
       "      <td>-0.028888</td>\n",
       "      <td>0.984181</td>\n",
       "      <td>0.844622</td>\n",
       "      <td>1.000000</td>\n",
       "      <td>0.947196</td>\n",
       "      <td>1.000000</td>\n",
       "      <td>0.681729</td>\n",
       "      <td>0.685551</td>\n",
       "      <td>0.650226</td>\n",
       "      <td>0.659831</td>\n",
       "      <td>0.603082</td>\n",
       "      <td>0.650225</td>\n",
       "      <td>0.792373</td>\n",
       "      <td>-0.641473</td>\n",
       "      <td>0.382891</td>\n",
       "      <td>0.214881</td>\n",
       "      <td>0.670652</td>\n",
       "      <td>0.076718</td>\n",
       "    </tr>\n",
       "    <tr>\n",
       "      <th>Jitter:PPQ5</th>\n",
       "      <td>0.013199</td>\n",
       "      <td>-0.023290</td>\n",
       "      <td>0.968214</td>\n",
       "      <td>0.790534</td>\n",
       "      <td>0.947196</td>\n",
       "      <td>1.000000</td>\n",
       "      <td>0.947203</td>\n",
       "      <td>0.732747</td>\n",
       "      <td>0.734591</td>\n",
       "      <td>0.676711</td>\n",
       "      <td>0.734021</td>\n",
       "      <td>0.668413</td>\n",
       "      <td>0.676710</td>\n",
       "      <td>0.864864</td>\n",
       "      <td>-0.662409</td>\n",
       "      <td>0.381503</td>\n",
       "      <td>0.175359</td>\n",
       "      <td>0.663491</td>\n",
       "      <td>0.087995</td>\n",
       "    </tr>\n",
       "    <tr>\n",
       "      <th>Jitter:DDP</th>\n",
       "      <td>0.010258</td>\n",
       "      <td>-0.028876</td>\n",
       "      <td>0.984184</td>\n",
       "      <td>0.844626</td>\n",
       "      <td>1.000000</td>\n",
       "      <td>0.947203</td>\n",
       "      <td>1.000000</td>\n",
       "      <td>0.681734</td>\n",
       "      <td>0.685556</td>\n",
       "      <td>0.650228</td>\n",
       "      <td>0.659833</td>\n",
       "      <td>0.603090</td>\n",
       "      <td>0.650227</td>\n",
       "      <td>0.792377</td>\n",
       "      <td>-0.641482</td>\n",
       "      <td>0.382886</td>\n",
       "      <td>0.214893</td>\n",
       "      <td>0.670660</td>\n",
       "      <td>0.076703</td>\n",
       "    </tr>\n",
       "    <tr>\n",
       "      <th>Shimmer</th>\n",
       "      <td>0.101554</td>\n",
       "      <td>-0.033870</td>\n",
       "      <td>0.709791</td>\n",
       "      <td>0.649041</td>\n",
       "      <td>0.681729</td>\n",
       "      <td>0.732747</td>\n",
       "      <td>0.681734</td>\n",
       "      <td>1.000000</td>\n",
       "      <td>0.992334</td>\n",
       "      <td>0.979828</td>\n",
       "      <td>0.984904</td>\n",
       "      <td>0.935457</td>\n",
       "      <td>0.979827</td>\n",
       "      <td>0.795158</td>\n",
       "      <td>-0.801416</td>\n",
       "      <td>0.468235</td>\n",
       "      <td>0.132540</td>\n",
       "      <td>0.615709</td>\n",
       "      <td>0.058736</td>\n",
       "    </tr>\n",
       "    <tr>\n",
       "      <th>Shimmer(dB)</th>\n",
       "      <td>0.111130</td>\n",
       "      <td>-0.030962</td>\n",
       "      <td>0.716704</td>\n",
       "      <td>0.655866</td>\n",
       "      <td>0.685551</td>\n",
       "      <td>0.734591</td>\n",
       "      <td>0.685556</td>\n",
       "      <td>0.992334</td>\n",
       "      <td>1.000000</td>\n",
       "      <td>0.968015</td>\n",
       "      <td>0.976373</td>\n",
       "      <td>0.936338</td>\n",
       "      <td>0.968014</td>\n",
       "      <td>0.798077</td>\n",
       "      <td>-0.802496</td>\n",
       "      <td>0.472409</td>\n",
       "      <td>0.126111</td>\n",
       "      <td>0.635163</td>\n",
       "      <td>0.056481</td>\n",
       "    </tr>\n",
       "    <tr>\n",
       "      <th>Shimmer:APQ3</th>\n",
       "      <td>0.098912</td>\n",
       "      <td>-0.029020</td>\n",
       "      <td>0.664149</td>\n",
       "      <td>0.623825</td>\n",
       "      <td>0.650226</td>\n",
       "      <td>0.676711</td>\n",
       "      <td>0.650228</td>\n",
       "      <td>0.979828</td>\n",
       "      <td>0.968015</td>\n",
       "      <td>1.000000</td>\n",
       "      <td>0.962723</td>\n",
       "      <td>0.885695</td>\n",
       "      <td>1.000000</td>\n",
       "      <td>0.732736</td>\n",
       "      <td>-0.780697</td>\n",
       "      <td>0.436878</td>\n",
       "      <td>0.130735</td>\n",
       "      <td>0.576704</td>\n",
       "      <td>0.044937</td>\n",
       "    </tr>\n",
       "    <tr>\n",
       "      <th>Shimmer:APQ5</th>\n",
       "      <td>0.089983</td>\n",
       "      <td>-0.036504</td>\n",
       "      <td>0.694002</td>\n",
       "      <td>0.621397</td>\n",
       "      <td>0.659831</td>\n",
       "      <td>0.734021</td>\n",
       "      <td>0.659833</td>\n",
       "      <td>0.984904</td>\n",
       "      <td>0.976373</td>\n",
       "      <td>0.962723</td>\n",
       "      <td>1.000000</td>\n",
       "      <td>0.938935</td>\n",
       "      <td>0.962723</td>\n",
       "      <td>0.798173</td>\n",
       "      <td>-0.790638</td>\n",
       "      <td>0.450890</td>\n",
       "      <td>0.128038</td>\n",
       "      <td>0.593677</td>\n",
       "      <td>0.064819</td>\n",
       "    </tr>\n",
       "    <tr>\n",
       "      <th>Shimmer:APQ11</th>\n",
       "      <td>0.135238</td>\n",
       "      <td>-0.039110</td>\n",
       "      <td>0.645965</td>\n",
       "      <td>0.589992</td>\n",
       "      <td>0.603082</td>\n",
       "      <td>0.668413</td>\n",
       "      <td>0.603090</td>\n",
       "      <td>0.935457</td>\n",
       "      <td>0.936338</td>\n",
       "      <td>0.885695</td>\n",
       "      <td>0.938935</td>\n",
       "      <td>1.000000</td>\n",
       "      <td>0.885694</td>\n",
       "      <td>0.711546</td>\n",
       "      <td>-0.777974</td>\n",
       "      <td>0.480739</td>\n",
       "      <td>0.179648</td>\n",
       "      <td>0.623416</td>\n",
       "      <td>0.023360</td>\n",
       "    </tr>\n",
       "    <tr>\n",
       "      <th>Shimmer:DDA</th>\n",
       "      <td>0.098913</td>\n",
       "      <td>-0.029017</td>\n",
       "      <td>0.664147</td>\n",
       "      <td>0.623823</td>\n",
       "      <td>0.650225</td>\n",
       "      <td>0.676710</td>\n",
       "      <td>0.650227</td>\n",
       "      <td>0.979827</td>\n",
       "      <td>0.968014</td>\n",
       "      <td>1.000000</td>\n",
       "      <td>0.962723</td>\n",
       "      <td>0.885694</td>\n",
       "      <td>1.000000</td>\n",
       "      <td>0.732734</td>\n",
       "      <td>-0.780696</td>\n",
       "      <td>0.436872</td>\n",
       "      <td>0.130736</td>\n",
       "      <td>0.576702</td>\n",
       "      <td>0.044938</td>\n",
       "    </tr>\n",
       "    <tr>\n",
       "      <th>NHR</th>\n",
       "      <td>0.007093</td>\n",
       "      <td>-0.026357</td>\n",
       "      <td>0.825294</td>\n",
       "      <td>0.699954</td>\n",
       "      <td>0.792373</td>\n",
       "      <td>0.864864</td>\n",
       "      <td>0.792377</td>\n",
       "      <td>0.795158</td>\n",
       "      <td>0.798077</td>\n",
       "      <td>0.732736</td>\n",
       "      <td>0.798173</td>\n",
       "      <td>0.711546</td>\n",
       "      <td>0.732734</td>\n",
       "      <td>1.000000</td>\n",
       "      <td>-0.684412</td>\n",
       "      <td>0.416660</td>\n",
       "      <td>-0.022088</td>\n",
       "      <td>0.564654</td>\n",
       "      <td>0.168170</td>\n",
       "    </tr>\n",
       "    <tr>\n",
       "      <th>HNR</th>\n",
       "      <td>-0.104842</td>\n",
       "      <td>0.036545</td>\n",
       "      <td>-0.675188</td>\n",
       "      <td>-0.706420</td>\n",
       "      <td>-0.641473</td>\n",
       "      <td>-0.662409</td>\n",
       "      <td>-0.641482</td>\n",
       "      <td>-0.801416</td>\n",
       "      <td>-0.802496</td>\n",
       "      <td>-0.780697</td>\n",
       "      <td>-0.790638</td>\n",
       "      <td>-0.777974</td>\n",
       "      <td>-0.780696</td>\n",
       "      <td>-0.684412</td>\n",
       "      <td>1.000000</td>\n",
       "      <td>-0.659053</td>\n",
       "      <td>-0.290519</td>\n",
       "      <td>-0.758722</td>\n",
       "      <td>-0.000167</td>\n",
       "    </tr>\n",
       "    <tr>\n",
       "      <th>RPDE</th>\n",
       "      <td>0.090208</td>\n",
       "      <td>-0.038887</td>\n",
       "      <td>0.427128</td>\n",
       "      <td>0.547097</td>\n",
       "      <td>0.382891</td>\n",
       "      <td>0.381503</td>\n",
       "      <td>0.382886</td>\n",
       "      <td>0.468235</td>\n",
       "      <td>0.472409</td>\n",
       "      <td>0.436878</td>\n",
       "      <td>0.450890</td>\n",
       "      <td>0.480739</td>\n",
       "      <td>0.436872</td>\n",
       "      <td>0.416660</td>\n",
       "      <td>-0.659053</td>\n",
       "      <td>1.000000</td>\n",
       "      <td>0.192030</td>\n",
       "      <td>0.566065</td>\n",
       "      <td>-0.159262</td>\n",
       "    </tr>\n",
       "    <tr>\n",
       "      <th>DFA</th>\n",
       "      <td>-0.092870</td>\n",
       "      <td>0.019261</td>\n",
       "      <td>0.226550</td>\n",
       "      <td>0.352264</td>\n",
       "      <td>0.214881</td>\n",
       "      <td>0.175359</td>\n",
       "      <td>0.214893</td>\n",
       "      <td>0.132540</td>\n",
       "      <td>0.126111</td>\n",
       "      <td>0.130735</td>\n",
       "      <td>0.128038</td>\n",
       "      <td>0.179648</td>\n",
       "      <td>0.130736</td>\n",
       "      <td>-0.022088</td>\n",
       "      <td>-0.290519</td>\n",
       "      <td>0.192030</td>\n",
       "      <td>1.000000</td>\n",
       "      <td>0.394650</td>\n",
       "      <td>-0.165113</td>\n",
       "    </tr>\n",
       "    <tr>\n",
       "      <th>PPE</th>\n",
       "      <td>0.120790</td>\n",
       "      <td>-0.000563</td>\n",
       "      <td>0.721849</td>\n",
       "      <td>0.787848</td>\n",
       "      <td>0.670652</td>\n",
       "      <td>0.663491</td>\n",
       "      <td>0.670660</td>\n",
       "      <td>0.615709</td>\n",
       "      <td>0.635163</td>\n",
       "      <td>0.576704</td>\n",
       "      <td>0.593677</td>\n",
       "      <td>0.623416</td>\n",
       "      <td>0.576702</td>\n",
       "      <td>0.564654</td>\n",
       "      <td>-0.758722</td>\n",
       "      <td>0.566065</td>\n",
       "      <td>0.394650</td>\n",
       "      <td>1.000000</td>\n",
       "      <td>-0.099901</td>\n",
       "    </tr>\n",
       "    <tr>\n",
       "      <th>sex</th>\n",
       "      <td>-0.041602</td>\n",
       "      <td>-0.009805</td>\n",
       "      <td>0.051422</td>\n",
       "      <td>-0.154661</td>\n",
       "      <td>0.076718</td>\n",
       "      <td>0.087995</td>\n",
       "      <td>0.076703</td>\n",
       "      <td>0.058736</td>\n",
       "      <td>0.056481</td>\n",
       "      <td>0.044937</td>\n",
       "      <td>0.064819</td>\n",
       "      <td>0.023360</td>\n",
       "      <td>0.044938</td>\n",
       "      <td>0.168170</td>\n",
       "      <td>-0.000167</td>\n",
       "      <td>-0.159262</td>\n",
       "      <td>-0.165113</td>\n",
       "      <td>-0.099901</td>\n",
       "      <td>1.000000</td>\n",
       "    </tr>\n",
       "  </tbody>\n",
       "</table>\n",
       "</div>"
      ],
      "text/plain": [
       "                    age  test_time  Jitter(%)  Jitter(Abs)  Jitter:RAP  \\\n",
       "age            1.000000   0.019884   0.023071     0.035685    0.010255   \n",
       "test_time      0.019884   1.000000  -0.022837    -0.011349   -0.028888   \n",
       "Jitter(%)      0.023071  -0.022837   1.000000     0.865574    0.984181   \n",
       "Jitter(Abs)    0.035685  -0.011349   0.865574     1.000000    0.844622   \n",
       "Jitter:RAP     0.010255  -0.028888   0.984181     0.844622    1.000000   \n",
       "Jitter:PPQ5    0.013199  -0.023290   0.968214     0.790534    0.947196   \n",
       "Jitter:DDP     0.010258  -0.028876   0.984184     0.844626    1.000000   \n",
       "Shimmer        0.101554  -0.033870   0.709791     0.649041    0.681729   \n",
       "Shimmer(dB)    0.111130  -0.030962   0.716704     0.655866    0.685551   \n",
       "Shimmer:APQ3   0.098912  -0.029020   0.664149     0.623825    0.650226   \n",
       "Shimmer:APQ5   0.089983  -0.036504   0.694002     0.621397    0.659831   \n",
       "Shimmer:APQ11  0.135238  -0.039110   0.645965     0.589992    0.603082   \n",
       "Shimmer:DDA    0.098913  -0.029017   0.664147     0.623823    0.650225   \n",
       "NHR            0.007093  -0.026357   0.825294     0.699954    0.792373   \n",
       "HNR           -0.104842   0.036545  -0.675188    -0.706420   -0.641473   \n",
       "RPDE           0.090208  -0.038887   0.427128     0.547097    0.382891   \n",
       "DFA           -0.092870   0.019261   0.226550     0.352264    0.214881   \n",
       "PPE            0.120790  -0.000563   0.721849     0.787848    0.670652   \n",
       "sex           -0.041602  -0.009805   0.051422    -0.154661    0.076718   \n",
       "\n",
       "               Jitter:PPQ5  Jitter:DDP   Shimmer  Shimmer(dB)  Shimmer:APQ3  \\\n",
       "age               0.013199    0.010258  0.101554     0.111130      0.098912   \n",
       "test_time        -0.023290   -0.028876 -0.033870    -0.030962     -0.029020   \n",
       "Jitter(%)         0.968214    0.984184  0.709791     0.716704      0.664149   \n",
       "Jitter(Abs)       0.790534    0.844626  0.649041     0.655866      0.623825   \n",
       "Jitter:RAP        0.947196    1.000000  0.681729     0.685551      0.650226   \n",
       "Jitter:PPQ5       1.000000    0.947203  0.732747     0.734591      0.676711   \n",
       "Jitter:DDP        0.947203    1.000000  0.681734     0.685556      0.650228   \n",
       "Shimmer           0.732747    0.681734  1.000000     0.992334      0.979828   \n",
       "Shimmer(dB)       0.734591    0.685556  0.992334     1.000000      0.968015   \n",
       "Shimmer:APQ3      0.676711    0.650228  0.979828     0.968015      1.000000   \n",
       "Shimmer:APQ5      0.734021    0.659833  0.984904     0.976373      0.962723   \n",
       "Shimmer:APQ11     0.668413    0.603090  0.935457     0.936338      0.885695   \n",
       "Shimmer:DDA       0.676710    0.650227  0.979827     0.968014      1.000000   \n",
       "NHR               0.864864    0.792377  0.795158     0.798077      0.732736   \n",
       "HNR              -0.662409   -0.641482 -0.801416    -0.802496     -0.780697   \n",
       "RPDE              0.381503    0.382886  0.468235     0.472409      0.436878   \n",
       "DFA               0.175359    0.214893  0.132540     0.126111      0.130735   \n",
       "PPE               0.663491    0.670660  0.615709     0.635163      0.576704   \n",
       "sex               0.087995    0.076703  0.058736     0.056481      0.044937   \n",
       "\n",
       "               Shimmer:APQ5  Shimmer:APQ11  Shimmer:DDA       NHR       HNR  \\\n",
       "age                0.089983       0.135238     0.098913  0.007093 -0.104842   \n",
       "test_time         -0.036504      -0.039110    -0.029017 -0.026357  0.036545   \n",
       "Jitter(%)          0.694002       0.645965     0.664147  0.825294 -0.675188   \n",
       "Jitter(Abs)        0.621397       0.589992     0.623823  0.699954 -0.706420   \n",
       "Jitter:RAP         0.659831       0.603082     0.650225  0.792373 -0.641473   \n",
       "Jitter:PPQ5        0.734021       0.668413     0.676710  0.864864 -0.662409   \n",
       "Jitter:DDP         0.659833       0.603090     0.650227  0.792377 -0.641482   \n",
       "Shimmer            0.984904       0.935457     0.979827  0.795158 -0.801416   \n",
       "Shimmer(dB)        0.976373       0.936338     0.968014  0.798077 -0.802496   \n",
       "Shimmer:APQ3       0.962723       0.885695     1.000000  0.732736 -0.780697   \n",
       "Shimmer:APQ5       1.000000       0.938935     0.962723  0.798173 -0.790638   \n",
       "Shimmer:APQ11      0.938935       1.000000     0.885694  0.711546 -0.777974   \n",
       "Shimmer:DDA        0.962723       0.885694     1.000000  0.732734 -0.780696   \n",
       "NHR                0.798173       0.711546     0.732734  1.000000 -0.684412   \n",
       "HNR               -0.790638      -0.777974    -0.780696 -0.684412  1.000000   \n",
       "RPDE               0.450890       0.480739     0.436872  0.416660 -0.659053   \n",
       "DFA                0.128038       0.179648     0.130736 -0.022088 -0.290519   \n",
       "PPE                0.593677       0.623416     0.576702  0.564654 -0.758722   \n",
       "sex                0.064819       0.023360     0.044938  0.168170 -0.000167   \n",
       "\n",
       "                   RPDE       DFA       PPE       sex  \n",
       "age            0.090208 -0.092870  0.120790 -0.041602  \n",
       "test_time     -0.038887  0.019261 -0.000563 -0.009805  \n",
       "Jitter(%)      0.427128  0.226550  0.721849  0.051422  \n",
       "Jitter(Abs)    0.547097  0.352264  0.787848 -0.154661  \n",
       "Jitter:RAP     0.382891  0.214881  0.670652  0.076718  \n",
       "Jitter:PPQ5    0.381503  0.175359  0.663491  0.087995  \n",
       "Jitter:DDP     0.382886  0.214893  0.670660  0.076703  \n",
       "Shimmer        0.468235  0.132540  0.615709  0.058736  \n",
       "Shimmer(dB)    0.472409  0.126111  0.635163  0.056481  \n",
       "Shimmer:APQ3   0.436878  0.130735  0.576704  0.044937  \n",
       "Shimmer:APQ5   0.450890  0.128038  0.593677  0.064819  \n",
       "Shimmer:APQ11  0.480739  0.179648  0.623416  0.023360  \n",
       "Shimmer:DDA    0.436872  0.130736  0.576702  0.044938  \n",
       "NHR            0.416660 -0.022088  0.564654  0.168170  \n",
       "HNR           -0.659053 -0.290519 -0.758722 -0.000167  \n",
       "RPDE           1.000000  0.192030  0.566065 -0.159262  \n",
       "DFA            0.192030  1.000000  0.394650 -0.165113  \n",
       "PPE            0.566065  0.394650  1.000000 -0.099901  \n",
       "sex           -0.159262 -0.165113 -0.099901  1.000000  "
      ]
     },
     "execution_count": 4,
